CUI,CAEN,I1,I2,I3,I4,I5,I6,I7,I8,I9,I10,I11,I12,I13,I14,I15,I16,I17,I18,I19,I20
1590430,893,178931420,365147815,12897550,133884924,140548850,1161954,82183941,4553318,89802027,368701903,40936410,0,407025529,441208839,345513453,95695386,0,76383983,0,1611
1520249,2932,54371000,74594072,31314647,43162201,114620,503961,62921438,2477076,,64070519,82438834,,96044149,97566510,98450787,0,884277,0,830697,734
1860712,1920,5271950633,2526560190,825507596,1681602150,19450444,6563538,5129456819,,335464381,2340153161,4410920573,,14115915691,14304873785,14534722140,0,229848355,0,230205630,1126
1962437,4773,186471630,168784094,33350664,128803661,6629769,442114,201349965,,55096,154292777,51126741,,403738563,413663610,405338989,8324621,0,7117235,0,727
56150,5630,109037354,6617469,297479,713676,5606314,70373,17123318,0,27000,98574878,80356103,0,22870060,24177795,26021981,0,1844186,0,2237724,172
35787560,4789,,652,,-3,655,,30698,,,-30046,200,,699,699,684,15,0,0,6,0
7203436,910,53070501,46620731,15811577,27099381,3709773,3292,119173193,0,4030551,-23509220,100232329,0,112924064,117137245,122617767,0,5480522,0,6293954,316
14056826,620,6331103426,3229808025,247310662,1551582279,552360434,21384366,1219956194,29578608,693808617,7638952398,385422400,0,4964733263,5222536928,3643680929,1578855999,0,1360546709,0,5604
723636,1105,12070930,16772534,15136531,1624144,11859,104120,4170755,,1500000,23276829,15087134,,30225768,35253493,33335949,1917544,0,1639590,0,199
335588,2313,296728119,247110436,44465095,152840685,49804656,527013,141325275,32188571,680405,370171317,40696730,,362743642,371458484,328096509,43361975,0,37701778,0,375
10881986,6120,768074589,122217456,29984711,51026958,41205787,571619,201436540,11133063,9052626,669241435,193486919,,262400056,269799763,268227305,1572458,0,337681,0,1307
1973096,2110,341507512,362725332,66181508,294167142,2376682,1872337,225252826,3126799,4998241,472727315,67133804,,365304988,376902346,341813735,35088611,0,34303788,0,1415
51,2712,1106810,14089975,6680586,4877529,2531860,91562,3293704,5959,279439,11709245,4667689,0,17997663,17979802,18745253,0,765451,0,765451,94
2410163,5224,513968439,27884946,456427,19479525,7948994,46851,90028491,44179,3433479,448394087,58243025,,145962694,146772105,144866452,1905653,0,281240,0,927
1510210,2420,920376628,566968892,245020825,305022988,16925079,8358181,894924617,66925,8725364,591986795,291587538,,1385705402,1492981237,1425200516,67780721,0,56569986,0,1457
156027,2751,52388210,79838741,21225740,30405675,7386786,1066966,60790765,3036085,6483652,62983415,6976465,,191315103,253887009,239422751,14464258,0,12258120,0,492
1151753,3020,68043473,136456415,75458869,44658801,16338745,429589,95369804,9257142,2495800,97806731,12071923,,176338576,194365891,170108208,24257683,0,20125321,0,334
73126,4120,17242312,30640962,10752380,15063453,4825129,304097,14950424,66065,3841594,29329288,3144561,,27952911,39904366,39377070,527296,0,437982,0,200
1323700,4321,3824633,2180703,1434155,479193,267355,,5418459,,25612,561265,5061637,,630019,5844609,3564690,2279919,0,2279919,0,27
1515374,2442,1342880777,1417880968,694954656,536171349,186754963,23335179,1482982532,49576531,27893326,1223644535,356889568,,2612356782,2979069791,2707049735,272020056,0,225956817,0,2549
13267213,3511,15296464896,3319004983,70000911,666315840,86021162,2120468,1333626684,187019527,537418689,16559525447,4482393310,,4261482479,4381983050,2092721991,2289261059,0,1939277740,0,3305
1590236,7120,230830386,139405571,2804473,17087202,119513896,635365,71424007,855841,51765618,246825856,,233525,374277772,376368323,251786176,124582147,0,105220663,0,1669
2115198,4773,37949388,32694191,14766284,15354567,2573340,56946,28658469,,10449,42031607,10921209,,99034548,102681898,100484725,2197173,0,2141021,0,363
1553483,4110,296815971,332469185,265852875,39939811,26676499,1304395,181106075,15597,601483,448866396,277866574,,106812644,121695985,94421591,27274394,0,19986942,0,56
201535,2391,74146410,23631198,14958348,7793549,117556,131119,18512571,32237,247526,79116393,12325438,,36073770,39567680,36237992,3329688,0,2667588,0,219
17473763,5610,5848039,11348985,8180798,3142672,-92520,166643,16217095,,66555,1080017,100000,,34458080,35120245,34277619,842626,0,842626,0,123
13093222,3523,3826922069,3325134306,372375015,1857216078,128645902,1424583,2312393913,174188177,28234299,4638664569,199245530,,6066962460,6329170766,5834246999,494923767,0,455927017,0,655
1454846,1721,286873046,102255048,40212707,59977969,2064227,836013,170783028,18208681,372440,200599958,103168355,,295295394,305297977,286222483,19075494,0,17772017,0,1133
13267221,7022,3694738318,302785515,76668,31246487,169969284,54105,12341863,593991,7853736,3976788348,3459399290,,16832488,367514710,69545107,297969603,0,297973355,0,144
2980547,5510,194261063,68881540,37960370,3509894,27411276,895292,22188878,,991092,240857925,57894994,,46416147,63544756,52241700,11303056,0,9823215,0,316
1589932,5223,546615612,662363134,11742414,195373206,455247514,13514517,122755618,157139971,513487834,429109840,,214684295,973670108,996953928,944739815,52214113,0,52214113,0,1546
108,2229,35693274,55612884,11054665,13175190,8250722,73964,17638876,,137809,73603437,17072385,,51519678,64038576,59529058,4509518,0,4336804,0,70
1056654,2811,150404328,68442707,32328939,30148858,5963721,43567,706881763,11660,233607009,-721609830,10993390,0,54405981,59221344,73341361,0,14120017,0,14451460,829
1145077,1061,71807690,52201552,13296001,37427979,1477572,150758,22526933,650,633306,100999111,23306374,,62270618,69838742,66382220,3456522,0,5845913,0,480
12397185,9200,263981466,338728044,2473576,11729983,42130015,912589,101096743,1221943,75458086,425845327,42611725,,1018925111,1076693030,957830775,118862255,0,94933563,0,2485
1132930,3030,66603308,258994406,164987911,91808774,2197721,11298,98699960,,75987746,150921306,47197132,,259274208,304717092,267646471,37070621,0,31184158,0,364
26490194,5223,4136095198,431081325,19244552,111464347,270072426,1315034,164692524,214159709,76440357,4113198967,143772150,,972932742,1005804517,566038065,439766452,0,371822393,0,1447
7364742,4711,1000,4439,2841,,1598,,33824,,,-28385,200,,33092,33092,36496,0,3404,0,4397,
1132417,1310,13550542,19523920,10129220,8886096,508604,,25378241,431437,13104,7251680,4875513,,32293619,33698854,33466519,232335,0,199266,0,140
1158050,2221,170408688,82093006,36696308,42065687,3331011,839094,98471712,17678781,,137190295,26412210,,200716405,225151072,220685013,4466059,0,4800356,0,924
1332032,2932,14065889,37959297,22306521,9211939,6440837,42680,14598186,61371,,37408309,4584000,,23941580,27481106,27116011,365095,0,29730,0,19
1614734,3011,39123881,70479812,47929875,7441074,6638636,55869,14117829,2277,536874,95002582,28557298,,52356748,53117435,49531866,3585569,0,2852126,0,351
414118,2651,295056818,107585326,17183417,61239595,29162314,2473453,62122684,4834935,3913666,334244312,67603870,,294566025,317007284,309007234,8000050,0,4823198,0,479
30855230,3511,1792610506,116487566,40446627,35453776,40587163,4352648,1772768684,322072870,3550384672,-3731775506,354535330,,287837489,410176179,1655646751,0,1245470572,0,1245491004,4288
913720,2410,142041499,227059464,102792898,120995009,3271557,34569,731673024,103868,967472,-363608832,172125308,,660678055,683362170,716480852,0,33118682,0,33123974,1314
13863739,4931,7683999227,230054257,19430416,132983515,77640326,406180,2943901716,4941958575,321048267,-292448894,130177588,,712925815,855294064,1363772581,0,508478517,0,508478517,4402
199001,2814,30355571,5161619,4058368,645207,458044,14217,36701599,51413,167956,-1389561,4000000,,8283671,8932459,10817819,0,1885360,0,1911513,41
13068733,4950,2944079992,2028787868,255268810,1064766312,417345117,3510525,574800404,560187200,128659716,3712731065,117738440,,1741929416,2296501922,1713621694,582880228,0,495675108,0,4284
11054537,4920,5097082394,260218564,71693272,180500177,8025115,906699,1214656802,1454632,4458685,4137637538,2012117380,,716158843,763738845,921790618,0,158051773,0,158064547,5813
13328043,3512,3091324936,1557892310,34768678,1040964953,482158679,6494897,1268253699,430483933,147969022,2809005489,733031420,0,2679159243,2747469853,2654405524,93064329,0,81303373,0,2102
1590082,610,32161459090,10656985888,1662898388,4092686755,4901400745,249586330,5785769185,53895161,6914815902,30313551060,5664410834,0,17817366024,19564132524,14959337188,4604795336,0,3879650048,0,12498
1223604,2599,15926061,42910662,29463644,12478286,968732,0,62171332,0,0,-3334609,11881719,0,32257821,31119367,43456485,0,12337118,0,12337118,467
622445,1413,4904275,4321700,1855085,1787652,678963,9277,1254814,0,173562,7806876,2284360,0,10464376,10670076,12483184,0,1813108,0,1813108,332
1114208,7219,2269184,750246,0,631842,118404,0,46775,0,0,2972655,2084670,0,1030426,1342076,1108749,233327,0,219916,0,2
677858,2332,136506744,63272807,18090704,25655504,19526599,51457,62081645,1735160,7570469,128443734,47853094,,103563188,115149806,93849255,21300551,0,18917343,0,217
788767,2932,397103867,277017698,111828324,164123904,1065470,609190,196907765,37534423,135645,440152922,21882104,,752507249,771959965,733137382,38822583,0,35428575,0,2094
3156315,3030,61182313,48998512,38348178,3660082,6990252,34976,29305312,171360,5393912,75345217,36944248,,112387772,121973508,92750896,29222612,0,24847717,0,441
1350020,4950,434303774,315053559,9168429,46202776,259682354,1770972,60532412,1188338,27855146,661552409,28569842,,385140170,424618296,352927313,71690983,0,60676014,0,1635
2071105,3511,68261231,14022393,7576711,4961251,1484431,,23111831,,4360906,54810887,111265809,,14071,1568261,3219554,0,1651293,0,1651421,4
24299016,7022,63516,,,,,,106743,,,-43227,200,,,,,0,0,0,0,
15737613,4690,5220,28327,21558,6169,600,,64911,,,-31364,200,,,,,0,0,0,0,
2157428,2219,47883466,92542155,47380857,40017842,5129059,304420,57866515,318169,,82545357,22390413,,169013285,184253105,173217285,11035820,0,9465069,0,899
1475261,2014,43904,702696323,293056907,73463143,98304908,9485,875299300,0,30591721,-203141309,34321138,0,1141920208,1748123465,1658926383,89197082,0,28415957,0,1814
7947193,2731,170215254,195385652,104890637,90161078,333937,21619036,928199665,16271756,,-557251479,42967568,,284928755,46623905,361961193,0,315337288,0,315337288,295
1678177,9521,,12062,4088,7974,,,18357,,,-6295,200,,,,,0,0,0,0,
1916198,2361,227691013,47473081,10176461,36557102,739518,1280687,71503291,5569558,0,199371932,24266709,0,75720335,83577545,80965123,2612422,0,2236378,0,329
1812987,4120,3424247,393735,205482,137048,51205,,350707,,,3467275,1444319,,384622,383136,374190,8946,0,7034,0,4
336206,2120,194271117,703930015,98982129,199832571,405115315,0,247409236,15502,20083729,630692665,41696115,,461405231,782717674,467316513,315401161,0,262620976,0,511
1100008,4221,13110915,44325218,33009122,6967440,4348656,13259,54493231,,14828846,-11872685,38133575,,3365609,27427972,36700213,0,9272241,0,8102803,57
11054545,4910,3059797320,210404278,64604804,107935747,37863727,1247701,698237757,1335058854,96546500,1141606188,1472224750,,1980638545,2168677934,2262663637,0,93985703,0,82795862,12782
3906360,2711,38976089,53341656,11776524,41352629,212503,85390,108425624,,2050644,-18073133,10001205,,116874278,117521481,122915380,0,5393899,0,9568960,182
1345008,910,11550250,12331823,3967798,6257231,2069680,33542,9036115,,50000,14829500,1755263,,31399513,31121223,29942564,1178659,0,941224,0,155
10874881,3511,6566017319,2289229363,369489867,182190223,394482766,7484598,1307479767,117584342,258536560,7179130611,3015138510,,2129744920,2275467418,1702844144,572623274,0,410611215,0,2002
607321,2712,13736443,3264988,1715652,1264322,285014,,1556755,3471,,15441205,14500000,,997849,1487896,981074,506822,0,491293,0,4
1763841,2361,14678446,21874900,4525066,7792118,9557716,,4068656,1531476,2103757,28849457,8199548,,30134663,30247817,27378199,2869618,0,2502778,0,199
8422035,8622,338620998,154298837,6533910,126006364,21758563,2204277,343125505,,,151998607,5536271,,419850605,424230102,418146571,6083531,0,4110438,0,2193
655,2651,179290923,4176957,481905,3621261,73791,,35615347,15947,,147836586,9264890,,5499637,7414317,6853049,561268,0,691310,0,18
950531,3030,164219592,310944878,85457790,57941863,9930893,504411,37739627,10239174,112551132,315138948,48728784,0,353413272,379051110,291630882,87420228,0,79920849,0,1804
10042631,4672,28244843,39871793,14281549,14861583,10728661,199291,11985472,4788408,60886,51481161,6250000,,94361956,96496855,95981309,515546,0,535602,0,181
6312800,2711,231307119,89191704,9283127,77176686,2730073,140352,512710346,138260,6094654,-198304085,103760291,,81263317,132339735,145462185,0,13122450,0,13122450,694
67329,2014,47175001,11431697,6760123,4606097,65477,353543,18474711,82595,181233,40221702,9916889,,27072366,28471988,33086017,0,4614029,0,4607158,85
10376500,5510,24839631,15297350,186415,651957,2135663,156313,812685,4983,105127,39370499,16733960,,9130787,9448014,9347870,100144,0,55385,0,77
18547257,4520,,3969,697,2543,729,,114336,,,-110367,200,,2342,2342,2773,0,431,0,501,
199117,4120,62099009,33663532,6270855,25682737,1544169,118162,46496505,,7922063,41462135,6231454,,47640427,83872843,82701545,1171298,0,586418,0,176
11054529,5221,11162846818,2895217345,263007441,1588918026,1043291878,4724781,1188342999,9997440076,627211859,2249794010,6358659538,0,1022121648,3337990242,3314377965,23612277,0,10492971,0,22629
568656,2811,92794798,72540639,7583145,61219509,3737985,72220,82882436,9081291,1506352,71937578,13036325,,151767209,157998683,154777188,3221495,0,2815330,0,842
1352846,2892,43722390,51601539,36287530,13983352,1330657,2313,32341539,0,248054,62736649,13413648,0,59215309,78650237,77866355,783882,0,783882,0,485
54620,2932,82879843,92882520,33057456,50104866,9720198,,71506858,3670212,,100585293,17766860,,170059987,170929202,168402111,2527091,0,1977555,0,474
341563,2120,127640700,153002761,19007343,88322536,45672882,486951,32678318,18061369,4972209,225418516,98537535,,184240669,187505094,140331359,47173735,0,38424941,0,390
2045262,2830,19271165,48621743,30491493,14551505,3324293,62540,9979134,0,1650755,56325559,23990846,,34767855,40150088,36683530,3466558,0,3164476,0,148
1291838,4690,1654356,7292420,1243873,6037278,11269,,2606518,,,6340258,1928715,,1665436,1840339,1800318,40021,0,21812,0,2
15189596,3511,2406636640,3126203185,47645793,2759333672,319223720,72274,2526395306,7830462,263453298,2735233033,715834690,0,1662289802,1682191170,1695547669,0,13356499,0,11612288,1836
338819,5911,1602852,226601,212920,13663,18,,1389634,,,439819,107735,,167091,167334,219553,0,52219,0,52219,1
1870767,5224,137335317,60385949,863563,15205514,18137698,170948,37032951,22479,518323,160318461,34342574,,74678818,78504000,63954578,14549422,0,12677203,0,396
1196550,2711,12243605,20474272,8893348,6650253,3692625,24196,11180558,770865,,20790650,2000000,,30060923,31333862,26230865,5102997,0,4353103,0,109
128299,4120,32809905,13093493,2291689,4637580,6164224,120668,5079468,2656461,1322917,36965220,1264613,,27751316,34581082,32564507,2016575,0,1961623,0,119
30267310,3511,5831681651,830174026,210549608,540977882,55412758,12650696,2052833804,194276165,1495178208,2932218196,1270318090,,2841343560,2990725537,4159760066,0,1169034529,0,1133531358,13109
1868287,2363,74169624,20168241,174949,18389680,1603612,952,7464248,291819,,86582750,23631668,,3295601,5126646,5906362,0,779716,0,831538,8
1346607,910,33498758,118741335,3165469,110210739,5365127,320024,12878862,,1431025,138250230,27819090,,62720654,68454009,48999716,19454293,0,16886640,0,162
1861319,6820,12034829,650367,126,629662,20579,25210,146990,953305,,11610111,7169299,,581226,767393,669613,97780,0,96574,0,2
108526,5510,202725201,31459810,1230328,11237379,16581598,129774,19405045,3093307,380386,211436047,49614946,,79391953,79691656,68666924,11024732,0,10255638,0,721
3094980,2221,295000262,173367556,68403031,95190368,9774157,532577,258767583,8928,1041001,209082883,107024527,,301466783,345469827,315865283,29604544,0,30034429,0,401
199044,4120,212166716,17698001,32320,8626944,9038737,42552,132687840,1991208,83126,95145095,26391783,,39369777,39595139,32983275,6611864,0,5536984,0,34
