CUI,CAEN,I1,I2,I3,I4,I5,I6,I7,I8,I9,I10,I11,I12,I13,I14,I15,I16,I17,I18,I19
1132417,1310,11564903,14869793,9499429,4826133,544231,,18811069,558109,13104,7052414,4875513,28161372,29296178,29177528,118650,0,100624,0,148
1158050,2221,210024647,59514570,23824916,33160637,2529017,152874,116588748,19981724,,133121619,26412210,197966578,213528903,207790565,5738338,0,4798066,0,941
3156315,3030,67279522,57319901,43938832,3744213,9636856,51846,58796384,884678,4857551,60112656,36944248,100766069,112730754,94272741,18458013,0,13650921,0,447
1870767,5224,132590441,48229646,1771012,8776192,9804832,145367,36962750,31096,486357,143485251,34342574,63325700,66885834,62407652,4478182,0,3724766,0,425
108,2229,25660783,55513505,7413447,9392149,11411101,126238,14159312,,69722,67071492,17072385,41421864,50639623,45066279,5573344,0,5360214,0,67
1860712,1920,5324321343,2769876635,1021752137,1725261218,22863280,1510090,5189119399,,327130219,2579458450,4410920573,11192755314,11589888516,11171551788,418336728,0,418336728,0,1061
1962437,4773,137453310,104650350,38704178,59200447,6745725,551281,97276497,,55096,145323348,51126741,340905161,347875692,340699824,7175868,0,6093430,0,745
568656,2811,97766611,71101396,7467980,58303272,5330144,,79014893,10378265,8619880,70854969,13036325,175173913,182149552,178394734,3754818,0,3341131,0,1024
35787560,4789,,743,,,743,,5977,,,-5234,200,5050,5050,5402,0,352,0,504,
24299016,7022,63516,247,,128,119,,106991,,,-43228,200,,,,0,0,0,0,
1475261,2014,855830850,209084168,72908718,76715341,8305635,148469,1310333999,3436675,24575550,-273282737,34321138,961504444,1001102318,933537302,67565016,0,47732190,0,1950
13267221,7022,3021739161,1007378192,174592,134240562,125982921,83135,88648174,771914,15622883,3924157517,3459399290,481970387,852218031,597050310,255167721,0,258163916,0,149
1114208,7219,2288003,691135,0,600126,91009,0,180388,46011,0,2752739,2084670,794157,953474,896064,57410,0,48672,0,5
677858,2332,123059035,57439154,12225110,10715495,34498549,120459,64232919,1749057,5358329,109278343,11399022,94213439,95174328,80365194,14809134,0,13225478,0,196
788767,2932,361907906,234430880,104615667,129201234,613979,550379,158921299,30576471,2876295,404515100,21882104,704042288,722321916,679679102,42642814,0,38098354,0,2031
1520249,2932,54911708,71966242,27965434,43768666,229538,278129,60601669,3191436,,63362974,82438834,97824874,127527080,127338881,188199,0,241779,0,719
73126,4120,16717335,39476561,6870538,27666084,4939939,244981,20114030,64346,7369195,28891306,3144561,34467704,45477669,44909909,567760,0,467829,0,206
1323700,4321,5136524,3220809,1573677,1147475,499657,89523,9966358,292592,25612,-1837706,5061637,1448524,5703719,6488461,0,784742,0,784742,39
2695737,6420,11160242,1600939,,1598711,2228,25278,11431020,,,1355439,3605949,350013,1127591,5706934,0,4579343,0,4047889,9
7203436,910,61881103,59288987,18766398,37115124,3407465,21579,132520294,0,4451715,-15780340,100232329,74811161,359760388,106993431,252766957,0,253954671,0,317
2157428,2219,49483635,81434182,46697480,28428173,6294132,321448,53665497,665321,,76908447,24873443,133796633,153692893,146574438,7118455,0,6134163,0,939
13328043,3512,3137990289,1366460683,32014652,813699531,520746500,4807348,1245911212,451523250,94192093,2717631765,733031420,3015023896,3079441870,3032567474,46874396,0,28267175,0,2063
54620,2932,78353529,84966499,27964511,47677702,9324286,,59847864,4864426,,98607738,17766860,145184352,156393719,149313233,7080486,0,5763594,0,526
7947193,2731,189599438,464708392,381227781,82844521,636090,23016087,901446321,17791786,,-241914190,42967568,175377176,-129469375,94533244,0,224002619,0,224002619,394
2410163,5224,505855209,33974002,1532514,19031096,13410392,93926,84535759,53316,2823079,452510983,58243025,158031735,158780521,153546739,5233782,0,4977726,0,942
1861319,6820,12047580,596045,107,568563,27375,,110781,1019307,,11513537,7169299,546921,569852,565262,4590,0,4590,0,2
2980547,5510,204370931,47217184,36958141,5819900,4439143,782016,20150786,0,433969,231785376,57894994,34420176,39058297,36845365,2212932,0,1691836,0,322
1291838,4690,1672006,7181252,320885,6851628,8739,,2534812,,,6318446,1928715,1667323,1894663,1763951,130712,0,104060,0,3
3906360,2711,41003834,50150188,7447283,42550829,152076,327762,94562562,,4288863,-7369641,10001205,122655715,113936974,114334611,0,397637,0,964569,184
1515374,2442,1214362481,1340469224,680775695,244308694,415384835,26146176,1148782545,26157619,26755805,1379281912,356889568,2480775721,2762081638,2384261859,377819779,0,317686279,0,2501
1553483,4110,258361405,372930536,297294269,31120533,44515734,90403,199177186,26731,324152,431854275,277866574,117795064,212701841,150587826,62114015,0,52306703,0,58
1590082,610,31930472794,9027811844,1609488423,3638136118,3780187303,179483628,4524525178,66258365,8986866264,27560118459,5664410834,14764836448,16454420341,13731456232,2722964109,0,2399947986,0,13322
10042631,4672,28825997,57878956,13150711,34962761,9765484,151412,16755610,5170111,985085,63945559,6250000,69222577,84155750,69863877,14291873,0,12647642,0,178
1223604,2599,16356939,46899497,31048239,15227693,623565,0,54690668,0,0,8565768,11881719,39453595,50137735,50257764,0,120029,0,174427,491
51,2712,1308389,14223632,7328998,4915301,1979333,140833,2390467,,288531,12993856,4667689,16840120,17671146,18981463,0,1310317,0,1310317,100
67329,2014,51232446,12658975,7904273,4503438,251264,343402,17009460,281102,136899,46807362,9916889,26104964,24170571,29824200,0,5653629,0,5595140,84
24890577,4619,1406133,1787219,574313,1192393,20513,27722,2204637,,,1016437,650000,7925981,8033816,7944470,89346,0,74723,0,20
201535,2391,59839427,21143839,12222235,8285829,58409,90254,14817320,23974,196045,66036181,12325438,32931796,33143281,31957126,1186155,0,978970,0,217
655,2651,179680845,1638341,183317,1069282,385742,,33548521,499140,,147271525,9264890,4274744,4245223,5755475,0,1510252,0,1488645,18
7364742,4789,,38599,36914,1612,73,,68316,,,-29717,200,50365,48928,57040,0,8112,0,8874,
1352846,2892,47069235,49290308,33811683,13707147,1771478,3955,34775855,0,253413,61334230,13413648,44370143,49331554,62502282,0,13170728,0,13170728,471
1678177,9521,,12063,4088,7975,,,18358,,,-6295,200,,,,0,0,0,0,
1346607,910,30768097,103247226,4229589,95482298,3535339,181351,10671531,29255,1094150,122401738,27819090,39997068,43100783,40629043,2471740,0,2442446,0,164
1812987,4120,3486539,341949,206277,113797,21875,,368248,,,3460240,1444319,253818,293012,517452,0,224440,0,224440,5
108526,5510,193880062,19497534,1215865,6423677,10496012,556559,8436771,2084303,,203413081,49614946,60126662,61105912,56891967,4213945,0,3683802,0,727
1614734,3011,35418314,66910412,42194575,6785189,9566768,23394,12140953,3308,787074,89420785,28557298,54618961,55832882,52524817,3308065,0,2721336,0,343
1510210,2420,610844649,550428107,301095683,238507231,10825193,7541674,641196893,33515,7166422,520417600,291587538,1065470332,1164553266,1131451065,33102201,0,33055366,0,1324
199117,4120,67483032,40874656,4958307,24295002,11500595,38084,61044915,,3135381,44215476,6231454,63973788,66715132,64557977,2157155,0,1621101,0,197
199044,4120,208839623,9058753,315861,3762376,4980516,39683,126007520,,83126,91847413,26391783,25134277,25655959,25247076,408883,0,277376,0,34
448269,2822,769024,16938663,7296799,7459789,2182075,405883,17544998,,,568572,1528246,24773122,26059228,26493440,0,434212,0,434212,173
56150,5610,106934508,10464209,265405,578316,9620488,53898,17954397,0,77000,99421218,80356103,20717923,22909869,23504619,0,594750,0,1161001,181
128299,4120,30707082,12533169,1798872,4430724,6303573,32706,3247471,3047211,1974678,35003597,1264613,17817217,21423526,20114056,1309470,0,1175366,0,106
607321,2712,14045622,3339820,1790303,1517330,32187,,2432060,3471,,14949911,14500000,2431102,2133341,2994366,0,861025,0,861025,41
1763841,2361,14601635,19249986,4912526,6201941,8135519,,3451710,1676064,2377167,26346680,8199548,24667800,25617143,25860729,0,243586,0,468458,198
17473763,5610,3624826,8502750,5935155,2423307,-195575,109615,11998973,,,238218,100000,27048359,27150377,26907493,242884,0,242884,0,102
13093222,3523,3543904302,2637073582,307674991,1354222272,205954689,1451985,1807033640,3289830,31863616,4340242783,199245530,5069546912,5269685682,4892508183,377177499,0,337244495,0,618
1132930,3030,63588814,272245302,115650817,93019623,63574862,,121215471,,85127600,129491045,47197132,192724954,206592170,176335159,30257011,0,24191976,0,341
530503,4719,1437085,3888023,3185590,307477,394956,46703,3249168,18927,,2103716,1016050,23761056,23771501,23619199,152302,0,122518,0,72
1973096,2110,239475957,331443488,67414789,258920954,5107745,2016097,148646296,2825135,4586271,416877840,67133804,337629448,349816939,314455509,35361430,0,33558354,0,1420
1332032,2932,16057225,33902389,18618940,10249840,5033609,43570,10975875,12543,0,39014766,4584000,23640710,26238451,25300576,937875,0,642375,0,24
1578364,4671,8528922,67389363,55671586,11702037,15740,,184781909,9307,,-108872931,6130455,54698,9093361,12694933,0,3601572,0,3656536,1
341563,2120,116752160,141753383,19547141,84684218,37522024,483856,40007439,5360,2553761,216422839,98537535,170256235,171474668,128796646,42678022,0,36027723,0,389
10376500,5510,22082802,15905118,193393,536396,2785781,159357,780614,6283,101475,37258905,16733960,8260566,8589610,7843684,745926,0,672741,0,78
18359210,4619,4361398,13441358,460451,12385743,595164,,8582023,,,9220733,355000,513020,2067055,2071688,0,4633,0,13479,4
913720,2410,144421554,185025855,93959383,86539596,4526876,3811664,662730962,133539,879471,-330484899,6885012,694205877,716621747,717566098,0,944351,0,949643,1266
1350020,4950,409712140,337218453,9024205,47723465,209847265,1842877,66697820,1326546,22349230,658399874,28569842,376685362,418236063,331612925,86623138,0,74387774,0,1666
1056654,2811,177627832,54060819,19497880,33907195,654581,47074,696892825,11971,241989298,-707158369,10993390,37063020,37837008,57740066,0,19903058,0,23154777,835
199001,2814,17522408,4639512,3320399,753288,565825,34353,33079010,21507,169987,-11074231,4000000,11849404,12119708,17414299,0,5294591,0,5084789,54
1145077,1061,74985290,44449527,11806735,31558303,1084489,217316,24226069,650,2856,95422558,23306374,62525774,66615207,60576744,6038463,0,5387199,0,473
10874881,3511,6872327703,2309857756,333449620,153875014,573903314,6908041,1426019014,130128196,204801064,7428145226,3015138510,1899936453,1997556018,1640677625,356878393,0,303876268,0,1975
15737613,4690,5220,28601,21559,7042,,,65185,,,-31364,200,,,,0,0,0,0,
6312800,2711,253995890,86796839,14297882,71056611,1440528,192211,513891142,176619,12098814,-185181635,103760291,98620345,111888452,187368496,0,75480044,0,74042664,744
1454846,1721,270287497,89934396,36348607,51684221,1901423,664619,147031605,20904331,376015,192574561,103168355,260003622,271630511,246692117,24938394,0,22328454,0,1072
1100008,4221,63371120,12561006,4042935,3697173,4820898,229326,78588888,89,440060,-2867585,38133575,4031974,4415019,24039460,0,19624441,0,19624441,94
3094980,2221,236840345,138043960,64340458,69138590,4564912,472615,183626165,184143,900618,190645994,85691097,227365686,245913553,231150386,14763167,0,14115945,0,318
2045262,2830,24275906,39633296,15908598,14813015,4674262,215765,13773154,1377762,815370,48158681,23990846,44571192,45677865,47561117,0,1883252,0,1589468,157
414118,2651,296834618,93479047,16763968,60353021,16362058,2297243,57761445,5000740,13744272,316104451,67603870,224959298,243068245,258038625,0,14970380,0,15370332,577
338819,5911,1639131,253137,212920,28083,12134,8188,1408418,,,492038,107735,140062,149946,261368,0,111422,0,111422,1
1151753,3020,64271250,89625923,50039878,22377361,17208684,420498,51107656,8087719,2607986,92514310,12071923,162459238,161209933,147480760,13729173,0,13795039,0,311
2115198,4773,38534906,29435049,13011127,11448920,4975002,74525,26996158,,,41048322,10608980,90661306,93007605,91446160,1561445,0,1290756,0,348
13068733,4950,3057266823,2153636468,82101245,1009171031,622330653,6681081,356326073,1025687762,114420503,3721150034,117738440,1800078956,1986583493,1281538543,705044950,0,582061043,0,4548
335588,2313,302828618,221220315,44971168,134515891,41733256,473139,169100546,36808313,1744763,316868450,40696730,267790868,298561445,247535719,51025726,0,41384080,0,403
1108834,2932,27138495,17169391,10155595,6199151,814645,0,17265885,1866043,480013,24695945,24450000,36311957,37549423,39832575,0,2283152,0,2283152,228
6770017,4618,8285,2277440,,1692496,584944,43605,12973433,,128059,-10772162,29313900,1987705,3019202,3732307,0,713105,0,713105,9
33276160,7500,,185926,1848,18784,165294,,68051,,,117875,200,177886,177886,99607,78279,0,74754,0,4
336206,2120,137593342,359220120,40549376,157877971,160792773,298838,100574236,,28443097,368094967,41696115,458377044,476453049,369527018,106926031,0,89241756,0,511
622445,1413,5233073,5977415,1850045,2504831,1622539,15736,1246744,0,377805,9601675,2284360,13894359,14564831,15281314,0,716483,0,716483,398
18547257,4520,,2582,1065,-213,1730,,113056,,,-110474,200,,,,0,0,0,0,
21713902,4120,904332,2877526,79459,2077136,720931,76286,1496747,,,2361397,200,12704346,12704346,11991087,713259,0,672244,0,51
156027,2751,50612274,64656611,20737672,21598049,15238576,66886,40165931,3931918,6433112,64804810,6976465,193610710,204702635,189669453,15033182,0,12874619,0,540
2071105,3511,68457256,15900165,7579887,5783391,2536887,,23441147,,4625293,56290981,111265809,51645,1645212,1813231,0,168019,0,168019,4
1196550,2711,8903048,16624117,9688011,4452411,1246899,16022,7258190,837517,,17447480,2000000,21181637,24798055,21935402,2862653,0,2556458,0,107
1345008,910,11647415,14992741,5869696,8199676,879989,54837,12687067,,,14007926,1755263,22178103,26214685,26039059,175626,0,103913,0,162
16864402,4729,451256,240512,170488,10367,59657,165,43234,,,648699,480000,249434,250695,245807,4888,0,1290,0,1
8422035,8622,309337942,145649655,6668022,68974102,70007531,2559451,303602775,,,153944273,5536271,379664698,399542078,401256966,0,1714888,0,2520022,1745
14056826,620,6336630573,4653414700,336029903,1304037788,153678053,75679964,1277500963,975120,476372378,9310876776,385422400,4585189388,5004623356,2823431519,2181191837,0,1854748378,0,6046
723636,1105,12885559,15499548,13935753,1504543,59252,107608,3061837,,1500000,23930878,15087134,27964969,32670563,30478318,2192245,0,1758623,0,196
950531,3030,158471335,273665564,69365382,40414392,6546141,490576,41766780,12704362,125189312,252967021,48728784,340172330,359924689,301138079,58786610,0,53169633,0,1834
1868287,2363,76573044,18111117,357544,17498334,255239,6340,6697622,306610,,87686269,23631668,2949417,3675736,6976179,0,3300443,0,3318067,16
1916198,2361,225831977,43876230,9861796,33162466,851968,748087,66592355,6085266,0,197778673,24266709,72038502,86186342,84631016,1555326,0,1324040,0,316
